2110162
2112945
2115129
2110001
2110002
2110003
2110004
2110005
2110006
2110007
2110008
2110009
2110010
2110011
2110012
2110013
2110014
2110015
2110016
2110017
2110018
2110019
2110020
2110021
2110022
2110023
2110024
2110025
2110026
2110027
2110028
2110029
2110030
2110031
2110032
2110033
2110034
2110035
2110036
2110037
2110038
2110039
2110040
2110041
2110042
2110043
2110044
2110045
2110046
2110047
2110048
2110049
2110050
2110051
2110052
2110053
2110054
2110055
2110056
2110057
2110058
2110059
2110060
2110061
2110062
2110063
2110064
2110065
2110066
2110067
2110068
2110069
2110070
2110071
2110072
2110073
2110074
2110075
2110076
2110077
2110078
2110079
2110080
2110081
2110082
2110083
2110084
2110085
2110086
2110087
2110088
2110089
2110090
2110091
2110092
2110093
2110094
2110095
2110096
2110097
2110098
2110099
2110100
2110101
2110102
2110103
2110104
2110105
2110106
2110107
2110108
2110109
2110110
2110111
2110112
2110113
2110114
2110115
2110116
2110117
2110118
2110119
2110120
2110121
2110122
2110123
2110124
2110125
2110126
2110127
2110128
2110129
2110130
2110131
2110132
2110133
2110134
2110135
2110136
2110137
2110138
2110139
2110140
2110141
2110142
2110143
2110144
2110145
2110146
2110147
2110148
2110149
2110150
2110151
2110152
2110153
2110154
2110155
2110156
2110157
2110158
2110159
2110160
2110161
2110163
2110164
2110165
2110166
2110167
2110168
2110169
2110170
2110171
2110172
2110173
2110174
2110175
2110176
2110177
2110178
2110179
2110180
2110181
2110182
2110183
2110184
2110185
2110186
2110187
2110188
2110189
2110190
2110191
2110192
2110193
2110194
2110195
2110196
2110197
2110198
2110199
2110200
2110201
2110202
2110203
2110204
2110205
2110206
2110207
2110208
2110209
2110210
2110211
2110212
2110213
2110214
2110215
2110216
2110217
2110218
2110219
2110220
2110221
2110222
2110223
2110224
2110225
2110226
2110227
2110228
2110229
2110230
2110231
2110232
2110233
2110234
2110235
2110236
2110237
2110238
2110239
2110240
2110241
2110242
2110243
2110244
2110245
2110246
2110247
2110248
2110249
2110250
2110251
2110252
2110253
2110254
2110255
2110256
2110257
2110258
2110259
2110260
2110261
2110262
2110263
2110264
2110265
2110266
2110267
2110268
2110269
2110270
2110271
2110272
2110273
2110274
2110275
2110276
2110277
2110278
2110279
2110280
2110281
2110282
2110283
2110284
2110285
2110286
2110287
2110288
2110289
2110290
2110291
2110292
2110293
2110294
2110295
2110296
2110297
2110298
2110299
2110300
2110301
2110302
2110303
2110304
2110305
2110306
2110307
2110308
2110309
2110310
2110311
2110312
2110313
2110314
2110315
2110316
2110317
2110318
2110319
2110320
2110321
2110322
2110323
2110324
2110325
2110326
2110327
2110328
2110329
2110330
2110331
2110332
2110333
2110334
2110335
2110336
2110337
2110338
2110339
2110340
2110341
2110342
2110343
2110344
2110345
2110346
2110347
2110348
2110349
2110350
2110351
2110352
2110353
2110354
2110355
2110356
2110357
2110358
2110359
2110360
2110361
2110362
2110363
2110364
2110365
2110366
2110367
2110368
2110369
2110370
2110371
2110372
2110373
2110374
2110375
2110376
2110377
2110378
2110379
2110380
2110381
2110382
2110383
2110384
2110385
2110386
2110387
2110388
2110389
2110390
2110391
2110392
2110393
2110394
2110395
2110396
2110397
2110398
2110399
2110400
2110401
2110402
2110403
2110404
2110405
2110406
2110407
2110408
2110409
2110410
2110411
2110412
2110413
2110414
2110415
2110416
2110417
2110418
2110419
2110420
2110421
2110422
2110423
2110424
2110425
2110426
2110427
2110428
2110429
2110430
2110431
2110432
2110433
2110434
2110435
2110436
2110437
2110438
2110439
2110440
2110441
2110442
2110443
2110444
2110445
2110446
2110447
2110448
2110449
2110450
2110451
2110452
2110453
2110454
2110455
2110456
2110457
2110458
2110459
2110460
2110461
2110462
2110463
2110464
2110465
2110466
2110467
2110468
2110469
2110470
2110471
2110472
2110473
2110474
2110475
2110476
2110477
2110478
2110479
2110480
2110481
2110482
2110483
2110484
2110485
2110486
2110487
2110488
2110489
2110490
2110491
2110492
2110493
2110494
2110495
2110496
2110497
2110498
2110499
2110500
2110501
2110502
2110503
2110504
2110505
2110506
2110507
2110508
2110509
2110510
2110511
2110512
2110513
2110514
2110515
2110516
2110517
2110518
2110519
2110520
2110521
2110522
2110523
2110524
2110525
2110526
2110527
2110528
2110529
2110530
2110531
2110532
2110533
2110534
2110535
2110536
2110537
2110538
2110539
2110540
2110541
2110542
2110543
2110544
2110545
2110546
2110547
2110548
2110549
2110550
2110551
2110552
2110553
2110554
2110555
2110556
2110557
2110558
2110559
2110560
2110561
2110562
2110563
2110564
2110565
2110566
2110567
2110568
2110569
2110570
2110571
2110572
2110573
2110574
2110575
2110576
2110577
2110578
2110579
2110580
2110581
2110582
2110583
2110584
2110585
2110586
2110587
2110588
2110589
2110590
2110591
2110592
2110593
2110594
2110595
2110596
2110597
2110598
2110599
2110600
2110601
2110602
2110603
2110604
2110605
2110606
2110607
2110608
2110609
2110610
2110611
2110612
2110613
2110614
2110615
2110616
2110617
2110618
2110619
2110620
2110621
2110622
2110623
2110624
2110625
2110626
2110627
2110628
2110629
2110630
2110631
2110632
2110633
2110634
2110635
2110636
2110637
2110638
2110639
2110640
2110641
2110642
2110643
2110644
2110645
2110646
2110647
2110648
2110649
2110650
2110651
2110652
2110653
2110654
2110655
2110656
2110657
2110658
2110659
2110660
2110661
2110662
2110663
2110664
2110665
2110666
2110667
2110668
2110669
2110670
2110671
2110672
2110673
2110674
2110675
2110676
2110677
2110678
2110679
2110680
2110681
2110682
2110683
2110684
2110685
2110686
2110687
2110688
2110689
2110690
2110691
2110692
2110693
2110694
2110695
2110696
2110697
2110698
2110699
2110700
2110701
2110702
2110703
2110704
2110705
2110706
2110707
2110708
2110709
2110710
2110711
2110712
2110713
2110714
2110715
2110716
2110717
2110718
2110719
2110720
2110721
2110722
2110723
2110724
2110725
2110726
2110727
2110728
2110729
2110730
2110731
2110732
2110733
2110734
2110735
2110736
2110737
2110738
2110739
2110740
2110741
2110742
2110743
2110744
2110745
2110746
2110747
2110748
2110749
2110750
2110751
2110752
2110753
2110754
2110755
2110756
2110757
2110758
2110759
2110760
2110761
2110762
2110763
2110764
2110765
2110766
2110767
2110768
2110769
2110770
2110771
2110772
2110773
2110774
2110775
2110776
2110777
2110778
2110779
2110780
2110781
2110782
2110783
2110784
2110785
2110786
2110787
2110788
2110789
2110790
2110791
2110792
2110793
2110794
2110795
2110796
2110797
2110798
2110799
2110800
2110801
2110802
2110803
2110804
2110805
2110806
2110807
2110808
2110809
2110810
2110811
2110812
2110813
2110814
2110815
2110816
2110817
2110818
2110819
2110820
2110821
2110822
2110823
2110824
2110825
2110826
2110827
2110828
2110829
2110830
2110831
2110832
2110833
2110834
2110835
2110836
2110837
2110838
2110839
2110840
2110841
2110842
2110843
2110844
2110845
2110846
2110847
2110848
2110849
2110850
2110851
2110852
2110853
2110854
2110855
2110856
2110857
2110858
2110859
2110860
2110861
2110862
2110863
2110864
2110865
2110866
2110867
2110868
2110869
2110870
2110871
2110872
2110873
2110874
2110875
2110876
2110877
2110878
2110879
2110880
2110881
2110882
2110883
2110884
2110885
2110886
2110887
2110888
2110889
2110890
2110891
2110892
2110893
2110894
2110895
2110896
2110897
2110898
2110899
2110900
2110901
2110902
2110903
2110904
2110905
2110906
2110907
2110908
2110909
2110910
2110911
2110912
2110913
2110914
2110915
2110916
2110917
2110918
2110919
2110920
2110921
2110922
2110923
2110924
2110925
2110926
2110927
2110928
2110929
2110930
2110931
2110932
2110933
2110934
2110935
2110936
2110937
2110938
2110939
2110940
2110941
2110942
2110943
2110944
2110945
2110946
2110947
2110948
2110949
2110950
2110951
2110952
2110953
2110954
2110955
2110956
2110957
2110958
2110959
2110960
2110961
2110962
2110963
2110964
2110965
2110966
2110967
2110968
2110969
2110970
2110971
2110972
2110973
2110974
2110975
2110976
2110977
2110978
2110979
2110980
2110981
2110982
2110983
2110984
2110985
2110986
2110987
2110988
2110989
2110990
2110991
2110992
2110993
2110994
2110995
2110996
2110997
2110998
2110999
2111000
2010001
2010002
2010003
2010004
2010005
2010006
2010007
2010008
2010009
2010010
2010011
2010012
2010013
2010014
2010015
2010016
2010017
2010018
2010019
2010020
2010021
2010022
2010023
2010024
2010025
2010026
2010027
2010028
2010029
2010030
2010031
2010032
2010033
2010034
2010035
2010036
2010037
2010038
2010039
2010040
2010041
2010042
2010043
2010044
2010045
2010046
2010047
2010048
2010049
2010050
2010051
2010052
2010053
2010054
2010055
2010056
2010057
2010058
2010059
2010060
2010061
2010062
2010063
2010064
2010065
2010066
2010067
2010068
2010069
2010070
2010071
2010072
2010073
2010074
2010075
2010076
2010077
2010078
2010079
2010080
2010081
2010082
2010083
2010084
2010085
2010086
2010087
2010088
2010089
2010090
2010091
2010092
2010093
2010094
2010095
2010096
2010097
2010098
2010099
2010100
2010101
2010102
2010103
2010104
2010105
2010106
2010107
2010108
2010109
2010110
2010111
2010112
2010113
2010114
2010115
2010116
2010117
2010118
2010119
2010120
2010121
2010122
2010123
2010124
2010125
2010126
2010127
2010128
2010129
2010130
2010131
2010132
2010133
2010134
2010135
2010136
2010137
2010138
2010139
2010140
2010141
2010142
2010143
2010144
2010145
2010146
2010147
2010148
2010149
2010150
2010151
2010152
2010153
2010154
2010155
2010156
2010157
2010158
2010159
2010160
2010161
2010162
2010163
2010164
2010165
2010166
2010167
2010168
2010169
2010170
2010171
2010172
2010173
2010174
2010175
2010176
2010177
2010178
2010179
2010180
2010181
2010182
2010183
2010184
2010185
2010186
2010187
2010188
2010189
2010190
2010191
2010192
2010193
2010194
2010195
2010196
2010197
2010198
2010199
2010200
2010201
2010202
2010203
2010204
2010205
2010206
2010207
2010208
2010209
2010210
2010211
2010212
2010213
2010214
2010215
2010216
2010217
2010218
2010219
2010220
2010221
2010222
2010223
2010224
2010225
2010226
2010227
2010228
2010229
2010230
2010231
2010232
2010233
2010234
2010235
2010236
2010237
2010238
2010239
2010240
2010241
2010242
2010243
2010244
2010245
2010246
2010247
2010248
2010249
2010250
2010251
2010252
2010253
2010254
2010255
2010256
2010257
2010258
2010259
2010260
2010261
2010262
2010263
2010264
2010265
2010266
2010267
2010268
2010269
2010270
2010271
2010272
2010273
2010274
2010275
2010276
2010277
2010278
2010279
2010280
2010281
2010282
2010283
2010284
2010285
2010286
2010287
2010288
2010289
2010290
2010291
2010292
2010293
2010294
2010295
2010296
2010297
2010298
2010299
2010300
2010301
2010302
2010303
2010304
2010305
2010306
2010307
2010308
2010309
2010310
2010311
2010312
2010313
2010314
2010315
2010316
2010317
2010318
2010319
2010320
2010321
2010322
2010323
2010324
2010325
2010326
2010327
2010328
2010329
2010330
2010331
2010332
2010333
2010334
2010335
2010336
2010337
2010338
2010339
2010340
2010341
2010342
2010343
2010344
2010345
2010346
2010347
2010348
2010349
2010350
2010351
2010352
2010353
2010354
2010355
2010356
2010357
2010358
2010359
2010360
2010361
2010362
2010363
2010364
2010365
2010366
2010367
2010368
2010369
2010370
2010371
2010372
2010373
2010374
2010375
2010376
2010377
2010378
2010379
2010380
2010381
2010382
2010383
2010384
2010385
2010386
2010387
2010388
2010389
2010390
2010391
2010392
2010393
2010394
2010395
2010396
2010397
2010398
2010399
2010400
2010401
2010402
2010403
2010404
2010405
2010406
2010407
2010408
2010409
2010410
2010411
2010412
2010413
2010414
2010415
2010416
2010417
2010418
2010419
2010420
2010421
2010422
2010423
2010424
2010425
2010426
2010427
2010428
2010429
2010430
2010431
2010432
2010433
2010434
2010435
2010436
2010437
2010438
2010439
2010440
2010441
2010442
2010443
2010444
2010445
2010446
2010447
2010448
2010449
2010450
2010451
2010452
2010453
2010454
2010455
2010456
2010457
2010458
2010459
2010460
2010461
2010462
2010463
2010464
2010465
2010466
2010467
2010468
2010469
2010470
2010471
2010472
2010473
2010474
2010475
2010476
2010477
2010478
2010479
2010480
2010481
2010482
2010483
2010484
2010485
2010486
2010487
2010488
2010489
2010490
2010491
2010492
2010493
2010494
2010495
2010496
2010497
2010498
2010499
2010500
2010501
2010502
2010503
2010504
2010505
2010506
2010507
2010508
2010509
2010510
2010511
2010512
2010513
2010514
2010515
2010516
2010517
2010518
2010519
2010520
2010521
2010522
2010523
2010524
2010525
2010526
2010527
2010528
2010529
2010530
2010531
2010532
2010533
2010534
2010535
2010536
2010537
2010538
2010539
2010540
2010541
2010542
2010543
2010544
2010545
2010546
2010547
2010548
2010549
2010550
2010551
2010552
2010553
2010554
2010555
2010556
2010557
2010558
2010559
2010560
2010561
2010562
2010563
2010564
2010565
2010566
2010567
2010568
2010569
2010570
2010571
2010572
2010573
2010574
2010575
2010576
2010577
2010578
2010579
2010580
2010581
2010582
2010583
2010584
2010585
2010586
2010587
2010588
2010589
2010590
2010591
2010592
2010593
2010594
2010595
2010596
2010597
2010598
2010599
2010600
2010601
2010602
2010603
2010604
2010605
2010606
2010607
2010608
2010609
2010610
2010611
2010612
2010613
2010614
2010615
2010616
2010617
2010618
2010619
2010620
2010621
2010622
2010623
2010624
2010625
2010626
2010627
2010628
2010629
2010630
2010631
2010632
2010633
2010634
2010635
2010636
2010637
2010638
2010639
2010640
2010641
2010642
2010643
2010644
2010645
2010646
2010647
2010648
2010649
2010650
2010651
2010652
2010653
2010654
2010655
2010656
2010657
2010658
2010659
2010660
2010661
2010662
2010663
2010664
2010665
2010666
2010667
2010668
2010669
2010670
2010671
2010672
2010673
2010674
2010675
2010676
2010677
2010678
2010679
2010680
2010681
2010682
2010683
2010684
2010685
2010686
2010687
2010688
2010689
2010690
2010691
2010692
2010693
2010694
2010695
2010696
2010697
2010698
2010699
2010700
2010701
2010702
2010703
2010704
2010705
2010706
2010707
2010708
2010709
2010710
2010711
2010712
2010713
2010714
2010715
2010716
2010717
2010718
2010719
2010720
2010721
2010722
2010723
2010724
2010725
2010726
2010727
2010728
2010729
2010730
2010731
2010732
2010733
2010734
2010735
2010736
2010737
2010738
2010739
2010740
2010741
2010742
2010743
2010744
2010745
2010746
2010747
2010748
2010749
2010750
2010751
2010752
2010753
2010754
2010755
2010756
2010757
2010758
2010759
2010760
2010761
2010762
2010763
2010764
2010765
2010766
2010767
2010768
2010769
2010770
2010771
2010772
2010773
2010774
2010775
2010776
2010777
2010778
2010779
2010780
2010781
2010782
2010783
2010784
2010785
2010786
2010787
2010788
2010789
2010790
2010791
2010792
2010793
2010794
2010795
2010796
2010797
2010798
2010799
2010800
2010801
2010802
2010803
2010804
2010805
2010806
2010807
2010808
2010809
2010810
2010811
2010812
2010813
2010814
2010815
2010816
2010817
2010818
2010819
2010820
2010821
2010822
2010823
2010824
2010825
2010826
2010827
2010828
2010829
2010830
2010831
2010832
2010833
2010834
2010835
2010836
2010837
2010838
2010839
2010840
2010841
2010842
2010843
2010844
2010845
2010846
2010847
2010848
2010849
2010850
2010851
2010852
2010853
2010854
2010855
2010856
2010857
2010858
2010859
2010860
2010861
2010862
2010863
2010864
2010865
2010866
2010867
2010868
2010869
2010870
2010871
2010872
2010873
2010874
2010875
2010876
2010877
2010878
2010879
2010880
2010881
2010882
2010883
2010884
2010885
2010886
2010887
2010888
2010889
2010890
2010891
2010892
2010893
2010894
2010895
2010896
2010897
2010898
2010899
2010900
2010901
2010902
2010903
2010904
2010905
2010906
2010907
2010908
2010909
2010910
2010911
2010912
2010913
2010914
2010915
2010916
2010917
2010918
2010919
2010920
2010921
2010922
2010923
2010924
2010925
2010926
2010927
2010928
2010929
2010930
2010931
2010932
2010933
2010934
2010935
2010936
2010937
2010938
2010939
2010940
2010941
2010942
2010943
2010944
2010945
2010946
2010947
2010948
2010949
2010950
2010951
2010952
2010953
2010954
2010955
2010956
2010957
2010958
2010959
2010960
2010961
2010962
2010963
2010964
2010965
2010966
2010967
2010968
2010969
2010970
2010971
2010972
2010973
2010974
2010975
2010976
2010977
2010978
2010979
2010980
2010981
2010982
2010983
2010984
2010985
2010986
2010987
2010988
2010989
2010990
2010991
2010992
2010993
2010994
2010995
2010996
2010997
2010998
2010999
2011000
1910001
1910002
1910003
1910004
1910005
1910006
1910007
1910008
1910009
1910010
1910011
1910012
1910013
1910014
1910015
1910016
1910017
1910018
1910019
1910020
1910021
1910022
1910023
1910024
1910025
1910026
1910027
1910028
1910029
1910030
1910031
1910032
1910033
1910034
1910035
1910036
1910037
1910038
1910039
1910040
1910041
1910042
1910043
1910044
1910045
1910046
1910047
1910048
1910049
1910050
1910051
1910052
1910053
1910054
1910055
1910056
1910057
1910058
1910059
1910060
1910061
1910062
1910063
1910064
1910065
1910066
1910067
1910068
1910069
1910070
1910071
1910072
1910073
1910074
1910075
1910076
1910077
1910078
1910079
1910080
1910081
1910082
1910083
1910084
1910085
1910086
1910087
1910088
1910089
1910090
1910091
1910092
1910093
1910094
1910095
1910096
1910097
1910098
1910099
1910100
1910101
1910102
1910103
1910104
1910105
1910106
1910107
1910108
1910109
1910110
1910111
1910112
1910113
1910114
1910115
1910116
1910117
1910118
1910119
1910120
1910121
1910122
1910123
1910124
1910125
1910126
1910127
1910128
1910129
1910130
1910131
1910132
1910133
1910134
1910135
1910136
1910137
1910138
1910139
1910140
1910141
1910142
1910143
1910144
1910145
1910146
1910147
1910148
1910149
1910150
1910151
1910152
1910153
1910154
1910155
1910156
1910157
1910158
1910159
1910160
1910161
1910162
1910163
1910164
1910165
1910166
1910167
1910168
1910169
1910170
1910171
1910172
1910173
1910174
1910175
1910176
1910177
1910178
1910179
1910180
1910181
1910182
1910183
1910184
1910185
1910186
1910187
1910188
1910189
1910190
1910191
1910192
1910193
1910194
1910195
1910196
1910197
1910198
1910199
1910200
1910201
1910202
1910203
1910204
1910205
1910206
1910207
1910208
1910209
1910210
1910211
1910212
1910213
1910214
1910215
1910216
1910217
1910218
1910219
1910220
1910221
1910222
1910223
1910224
1910225
1910226
1910227
1910228
1910229
1910230
1910231
1910232
1910233
1910234
1910235
1910236
1910237
1910238
1910239
1910240
1910241
1910242
1910243
1910244
1910245
1910246
1910247
1910248
1910249
1910250
1910251
1910252
1910253
1910254
1910255
1910256
1910257
1910258
1910259
1910260
1910261
1910262
1910263
1910264
1910265
1910266
1910267
1910268
1910269
1910270
1910271
1910272
1910273
1910274
1910275
1910276
1910277
1910278
1910279
1910280
1910281
1910282
1910283
1910284
1910285
1910286
1910287
1910288
1910289
1910290
1910291
1910292
1910293
1910294
1910295
1910296
1910297
1910298
1910299
1910300
1910301
1910302
1910303
1910304
1910305
1910306
1910307
1910308
1910309
1910310
1910311
1910312
1910313
1910314
1910315
1910316
1910317
1910318
1910319
1910320
1910321
1910322
1910323
1910324
1910325
1910326
1910327
1910328
1910329
1910330
1910331
1910332
1910333
1910334
1910335
1910336
1910337
1910338
1910339
1910340
1910341
1910342
1910343
1910344
1910345
1910346
1910347
1910348
1910349
1910350
1910351
1910352
1910353
1910354
1910355
1910356
1910357
1910358
1910359
1910360
1910361
1910362
1910363
1910364
1910365
1910366
1910367
1910368
1910369
1910370
1910371
1910372
1910373
1910374
1910375
1910376
1910377
1910378
1910379
1910380
1910381
1910382
1910383
1910384
1910385
1910386
1910387
1910388
1910389
1910390
1910391
1910392
1910393
1910394
1910395
1910396
1910397
1910398
1910399
1910400
1910401
1910402
1910403
1910404
1910405
1910406
1910407
1910408
1910409
1910410
1910411
1910412
1910413
1910414
1910415
1910416
1910417
1910418
1910419
1910420
1910421
1910422
1910423
1910424
1910425
1910426
1910427
1910428
1910429
1910430
1910431
1910432
1910433
1910434
1910435
1910436
1910437
1910438
1910439
1910440
1910441
1910442
1910443
1910444
1910445
1910446
1910447
1910448
1910449
1910450
1910451
1910452
1910453
1910454
1910455
1910456
1910457
1910458
1910459
1910460
1910461
1910462
1910463
1910464
1910465
1910466
1910467
1910468
1910469
1910470
1910471
1910472
1910473
1910474
1910475
1910476
1910477
1910478
1910479
1910480
1910481
1910482
1910483
1910484
1910485
1910486
1910487
1910488
1910489
1910490
1910491
1910492
1910493
1910494
1910495
1910496
1910497
1910498
1910499
1910500
1910501
1910502
1910503
1910504
1910505
1910506
1910507
1910508
1910509
1910510
1910511
1910512
1910513
1910514
1910515
1910516
1910517
1910518
1910519
1910520
1910521
1910522
1910523
1910524
1910525
1910526
1910527
1910528
1910529
1910530
1910531
1910532
1910533
1910534
1910535
1910536
1910537
1910538
1910539
1910540
1910541
1910542
1910543
1910544
1910545
1910546
1910547
1910548
1910549
1910550
1910551
1910552
1910553
1910554
1910555
1910556
1910557
1910558
1910559
1910560
1910561
1910562
1910563
1910564
1910565
1910566
1910567
1910568
1910569
1910570
1910571
1910572
1910573
1910574
1910575
1910576
1910577
1910578
1910579
1910580
1910581
1910582
1910583
1910584
1910585
1910586
1910587
1910588
1910589
1910590
1910591
1910592
1910593
1910594
1910595
1910596
1910597
1910598
1910599
1910600
1910601
1910602
1910603
1910604
1910605
1910606
1910607
1910608
1910609
1910610
1910611
1910612
1910613
1910614
1910615
1910616
1910617
1910618
1910619
1910620
1910621
1910622
1910623
1910624
1910625
1910626
1910627
1910628
1910629
1910630
1910631
1910632
1910633
1910634
1910635
1910636
1910637
1910638
1910639
1910640
1910641
1910642
1910643
1910644
1910645
1910646
1910647
1910648
1910649
1910650
1910651
1910652
1910653
1910654
1910655
1910656
1910657
1910658
1910659
1910660
1910661
1910662
1910663
1910664
1910665
1910666
1910667
1910668
1910669
1910670
1910671
1910672
1910673
1910674
1910675
1910676
1910677
1910678
1910679
1910680
1910681
1910682
1910683
1910684
1910685
1910686
1910687
1910688
1910689
1910690
1910691
1910692
1910693
1910694
1910695
1910696
1910697
1910698
1910699
1910700
1910701
1910702
1910703
1910704
1910705
1910706
1910707
1910708
1910709
1910710
1910711
1910712
1910713
1910714
1910715
1910716
1910717
1910718
1910719
1910720
1910721
1910722
1910723
1910724
1910725
1910726
1910727
1910728
1910729
1910730
1910731
1910732
1910733
1910734
1910735
1910736
1910737
1910738
1910739
1910740
1910741
1910742
1910743
1910744
1910745
1910746
1910747
1910748
1910749
1910750
1910751
1910752
1910753
1910754
1910755
1910756
1910757
1910758
1910759
1910760
1910761
1910762
1910763
1910764
1910765
1910766
1910767
1910768
1910769
1910770
1910771
1910772
1910773
1910774
1910775
1910776
1910777
1910778
1910779
1910780
1910781
1910782
1910783
1910784
1910785
1910786
1910787
1910788
1910789
1910790
1910791
1910792
1910793
1910794
1910795
1910796
1910797
1910798
1910799
1910800
1910801
1910802
1910803
1910804
1910805
1910806
1910807
1910808
1910809
1910810
1910811
1910812
1910813
1910814
1910815
1910816
1910817
1910818
1910819
1910820
1910821
1910822
1910823
1910824
1910825
1910826
1910827
1910828
1910829
1910830
1910831
1910832
1910833
1910834
1910835
1910836
1910837
1910838
1910839
1910840
1910841
1910842
1910843
1910844
1910845
1910846
1910847
1910848
1910849
1910850
1910851
1910852
1910853
1910854
1910855
1910856
1910857
1910858
1910859
1910860
1910861
1910862
1910863
1910864
1910865
1910866
1910867
1910868
1910869
1910870
1910871
1910872
1910873
1910874
1910875
1910876
1910877
1910878
1910879
1910880
1910881
1910882
1910883
1910884
1910885
1910886
1910887
1910888
1910889
1910890
1910891
1910892
1910893
1910894
1910895
1910896
1910897
1910898
1910899
1910900
1910901
1910902
1910903
1910904
1910905
1910906
1910907
1910908
1910909
1910910
1910911
1910912
1910913
1910914
1910915
1910916
1910917
1910918
1910919
1910920
1910921
1910922
1910923
1910924
1910925
1910926
1910927
1910928
1910929
1910930
1910931
1910932
1910933
1910934
1910935
1910936
1910937
1910938
1910939
1910940
1910941
1910942
1910943
1910944
1910945
1910946
1910947
1910948
1910949
1910950
1910951
1910952
1910953
1910954
1910955
1910956
1910957
1910958
1910959
1910960
1910961
1910962
1910963
1910964
1910965
1910966
1910967
1910968
1910969
1910970
1910971
1910972
1910973
1910974
1910975
1910976
1910977
1910978
1910979
1910980
1910981
1910982
1910983
1910984
1910985
1910986
1910987
1910988
1910989
1910990
1910991
1910992
1910993
1910994
1910995
1910996
1910997
1910998
1910999
1911000
1810001
1810002
1810003
1810004
1810005
1810006
1810007
1810008
1810009
1810010
1810011
1810012
1810013
1810014
1810015
1810016
1810017
1810018
1810019
1810020
1810021
1810022
1810023
1810024
1810025
1810026
1810027
1810028
1810029
1810030
1810031
1810032
1810033
1810034
1810035
1810036
1810037
1810038
1810039
1810040
1810041
1810042
1810043
1810044
1810045
1810046
1810047
1810048
1810049
1810050
1810051
1810052
1810053
1810054
1810055
1810056
1810057
1810058
1810059
1810060
1810061
1810062
1810063
1810064
1810065
1810066
1810067
1810068
1810069
1810070
1810071
1810072
1810073
1810074
1810075
1810076
1810077
1810078
1810079
1810080
1810081
1810082
1810083
1810084
1810085
1810086
1810087
1810088
1810089
1810090
1810091
1810092
1810093
1810094
1810095
1810096
1810097
1810098
1810099
1810100
1810101
1810102
1810103
1810104
1810105
1810106
1810107
1810108
1810109
1810110
1810111
1810112
1810113
1810114
1810115
1810116
1810117
1810118
1810119
1810120
1810121
1810122
1810123
1810124
1810125
1810126
1810127
1810128
1810129
1810130
1810131
1810132
1810133
1810134
1810135
1810136
1810137
1810138
1810139
1810140
1810141
1810142
1810143
1810144
1810145
1810146
1810147
1810148
1810149
1810150
1810151
1810152
1810153
1810154
1810155
1810156
1810157
1810158
1810159
1810160
1810161
1810162
1810163
1810164
1810165
1810166
1810167
1810168
1810169
1810170
1810171
1810172
1810173
1810174
1810175
1810176
1810177
1810178
1810179
1810180
1810181
1810182
1810183
1810184
1810185
1810186
1810187
1810188
1810189
1810190
1810191
1810192
1810193
1810194
1810195
1810196
1810197
1810198
1810199
1810200
1810201
1810202
1810203
1810204
1810205
1810206
1810207
1810208
1810209
1810210
1810211
1810212
1810213
1810214
1810215
1810216
1810217
1810218
1810219
1810220
1810221
1810222
1810223
1810224
1810225
1810226
1810227
1810228
1810229
1810230
1810231
1810232
1810233
1810234
1810235
1810236
1810237
1810238
1810239
1810240
1810241
1810242
1810243
1810244
1810245
1810246
1810247
1810248
1810249
1810250
1810251
1810252
1810253
1810254
1810255
1810256
1810257
1810258
1810259
1810260
1810261
1810262
1810263
1810264
1810265
1810266
1810267
1810268
1810269
1810270
1810271
1810272
1810273
1810274
1810275
1810276
1810277
1810278
1810279
1810280
1810281
1810282
1810283
1810284
1810285
1810286
1810287
1810288
1810289
1810290
1810291
1810292
1810293
1810294
1810295
1810296
1810297
1810298
1810299
1810300
1810301
1810302
1810303
1810304
1810305
1810306
1810307
1810308
1810309
1810310
1810311
1810312
1810313
1810314
1810315
1810316
1810317
1810318
1810319
1810320
1810321
1810322
1810323
1810324
1810325
1810326
1810327
1810328
1810329
1810330
1810331
1810332
1810333
1810334
1810335
1810336
1810337
1810338
1810339
1810340
1810341
1810342
1810343
1810344
1810345
1810346
1810347
1810348
1810349
1810350
1810351
1810352
1810353
1810354
1810355
1810356
1810357
1810358
1810359
1810360
1810361
1810362
1810363
1810364
1810365
1810366
1810367
1810368
1810369
1810370
1810371
1810372
1810373
1810374
1810375
1810376
1810377
1810378
1810379
1810380
1810381
1810382
1810383
1810384
1810385
1810386
1810387
1810388
1810389
1810390
1810391
1810392
1810393
1810394
1810395
1810396
1810397
1810398
1810399
1810400
1810401
1810402
1810403
1810404
1810405
1810406
1810407
1810408
1810409
1810410
1810411
1810412
1810413
1810414
1810415
1810416
1810417
1810418
1810419
1810420
1810421
1810422
1810423
1810424
1810425
1810426
1810427
1810428
1810429
1810430
1810431
1810432
1810433
1810434
1810435
1810436
1810437
1810438
1810439
1810440
1810441
1810442
1810443
1810444
1810445
1810446
1810447
1810448
1810449
1810450
1810451
1810452
1810453
1810454
1810455
1810456
1810457
1810458
1810459
1810460
1810461
1810462
1810463
1810464
1810465
1810466
1810467
1810468
1810469
1810470
1810471
1810472
1810473
1810474
1810475
1810476
1810477
1810478
1810479
1810480
1810481
1810482
1810483
1810484
1810485
1810486
1810487
1810488
1810489
1810490
1810491
1810492
1810493
1810494
1810495
1810496
1810497
1810498
1810499
1810500
1810501
1810502
1810503
1810504
1810505
1810506
1810507
1810508
1810509
1810510
1810511
1810512
1810513
1810514
1810515
1810516
1810517
1810518
1810519
1810520
1810521
1810522
1810523
1810524
1810525
1810526
1810527
1810528
1810529
1810530
1810531
1810532
1810533
1810534
1810535
1810536
1810537
1810538
1810539
1810540
1810541
1810542
1810543
1810544
1810545
1810546
1810547
1810548
1810549
1810550
1810551
1810552
1810553
1810554
1810555
1810556
1810557
1810558
1810559
1810560
1810561
1810562
1810563
1810564
1810565
1810566
1810567
1810568
1810569
1810570
1810571
1810572
1810573
1810574
1810575
1810576
1810577
1810578
1810579
1810580
1810581
1810582
1810583
1810584
1810585
1810586
1810587
1810588
1810589
1810590
1810591
1810592
1810593
1810594
1810595
1810596
1810597
1810598
1810599
1810600
1810601
1810602
1810603
1810604
1810605
1810606
1810607
1810608
1810609
1810610
1810611
1810612
1810613
1810614
1810615
1810616
1810617
1810618
1810619
1810620
1810621
1810622
1810623
1810624
1810625
1810626
1810627
1810628
1810629
1810630
1810631
1810632
1810633
1810634
1810635
1810636
1810637
1810638
1810639
1810640
1810641
1810642
1810643
1810644
1810645
1810646
1810647
1810648
1810649
1810650
1810651
1810652
1810653
1810654
1810655
1810656
1810657
1810658
1810659
1810660
1810661
1810662
1810663
1810664
1810665
1810666
1810667
1810668
1810669
1810670
1810671
1810672
1810673
1810674
1810675
1810676
1810677
1810678
1810679
1810680
1810681
1810682
1810683
1810684
1810685
1810686
1810687
1810688
1810689
1810690
1810691
1810692
1810693
1810694
1810695
1810696
1810697
1810698
1810699
1810700
1810701
1810702
1810703
1810704
1810705
1810706
1810707
1810708
1810709
1810710
1810711
1810712
1810713
1810714
1810715
1810716
1810717
1810718
1810719
1810720
1810721
1810722
1810723
1810724
1810725
1810726
1810727
1810728
1810729
1810730
1810731
1810732
1810733
1810734
1810735
1810736
1810737
1810738
1810739
1810740
1810741
1810742
1810743
1810744
1810745
1810746
1810747
1810748
1810749
1810750
1810751
1810752
1810753
1810754
1810755
1810756
1810757
1810758
1810759
1810760
1810761
1810762
1810763
1810764
1810765
1810766
1810767
1810768
1810769
1810770
1810771
1810772
1810773
1810774
1810775
1810776
1810777
1810778
1810779
1810780
1810781
1810782
1810783
1810784
1810785
1810786
1810787
1810788
1810789
1810790
1810791
1810792
1810793
1810794
1810795
1810796
1810797
1810798
1810799
1810800
1810801
1810802
1810803
1810804
1810805
1810806
1810807
1810808
1810809
1810810
1810811
1810812
1810813
1810814
1810815
1810816
1810817
1810818
1810819
1810820
1810821
1810822
1810823
1810824
1810825
1810826
1810827
1810828
1810829
1810830
1810831
1810832
1810833
1810834
1810835
1810836
1810837
1810838
1810839
1810840
1810841
1810842
1810843
1810844
1810845
1810846
1810847
1810848
1810849
1810850
1810851
1810852
1810853
1810854
1810855
1810856
1810857
1810858
1810859
1810860
1810861
1810862
1810863
1810864
1810865
1810866
1810867
1810868
1810869
1810870
1810871
1810872
1810873
1810874
1810875
1810876
1810877
1810878
1810879
1810880
1810881
1810882
1810883
1810884
1810885
1810886
1810887
1810888
1810889
1810890
1810891
1810892
1810893
1810894
1810895
1810896
1810897
1810898
1810899
1810900
1810901
1810902
1810903
1810904
1810905
1810906
1810907
1810908
1810909
1810910
1810911
1810912
1810913
1810914
1810915
1810916
1810917
1810918
1810919
1810920
1810921
1810922
1810923
1810924
1810925
1810926
1810927
1810928
1810929
1810930
1810931
1810932
1810933
1810934
1810935
1810936
1810937
1810938
1810939
1810940
1810941
1810942
1810943
1810944
1810945
1810946
1810947
1810948
1810949
1810950
1810951
1810952
1810953
1810954
1810955
1810956
1810957
1810958
1810959
1810960
1810961
1810962
1810963
1810964
1810965
1810966
1810967
1810968
1810969
1810970
1810971
1810972
1810973
1810974
1810975
1810976
1810977
1810978
1810979
1810980
1810981
1810982
1810983
1810984
1810985
1810986
1810987
1810988
1810989
1810990
1810991
1810992
1810993
1810994
1810995
1810996
1810997
1810998
1810999
1811000
2210001
2210002
2210003
2210004
2210005
2210006
2210007
2210008
2210009
2210010
2210011
2210012
2210013
2210014
2210015
2210016
2210017
2210018
2210019
2210020
2210021
2210022
2210023
2210024
2210025
2210026
2210027
2210028
2210029
2210030
2210031
2210032
2210033
2210034
2210035
2210036
2210037
2210038
2210039
2210040
2210041
2210042
2210043
2210044
2210045
2210046
2210047
2210048
2210049
2210050
2210051
2210052
2210053
2210054
2210055
2210056
2210057
2210058
2210059
2210060
2210061
2210062
2210063
2210064
2210065
2210066
2210067
2210068
2210069
2210070
2210071
2210072
2210073
2210074
2210075
2210076
2210077
2210078
2210079
2210080
2210081
2210082
2210083
2210084
2210085
2210086
2210087
2210088
2210089
2210090
2210091
2210092
2210093
2210094
2210095
2210096
2210097
2210098
2210099
2210100
2210101
2210102
2210103
2210104
2210105
2210106
2210107
2210108
2210109
2210110
2210111
2210112
2210113
2210114
2210115
2210116
2210117
2210118
2210119
2210120
2210121
2210122
2210123
2210124
2210125
2210126
2210127
2210128
2210129
2210130
2210131
2210132
2210133
2210134
2210135
2210136
2210137
2210138
2210139
2210140
2210141
2210142
2210143
2210144
2210145
2210146
2210147
2210148
2210149
2210150
2210151
2210152
2210153
2210154
2210155
2210156
2210157
2210158
2210159
2210160
2210161
2210162
2210163
2210164
2210165
2210166
2210167
2210168
2210169
2210170
2210171
2210172
2210173
2210174
2210175
2210176
2210177
2210178
2210179
2210180
2210181
2210182
2210183
2210184
2210185
2210186
2210187
2210188
2210189
2210190
2210191
2210192
2210193
2210194
2210195
2210196
2210197
2210198
2210199
2210200
2210201
2210202
2210203
2210204
2210205
2210206
2210207
2210208
2210209
2210210
2210211
2210212
2210213
2210214
2210215
2210216
2210217
2210218
2210219
2210220
2210221
2210222
2210223
2210224
2210225
2210226
2210227
2210228
2210229
2210230
2210231
2210232
2210233
2210234
2210235
2210236
2210237
2210238
2210239
2210240
2210241
2210242
2210243
2210244
2210245
2210246
2210247
2210248
2210249
2210250
2210251
2210252
2210253
2210254
2210255
2210256
2210257
2210258
2210259
2210260
2210261
2210262
2210263
2210264
2210265
2210266
2210267
2210268
2210269
2210270
2210271
2210272
2210273
2210274
2210275
2210276
2210277
2210278
2210279
2210280
2210281
2210282
2210283
2210284
2210285
2210286
2210287
2210288
2210289
2210290
2210291
2210292
2210293
2210294
2210295
2210296
2210297
2210298
2210299
2210300
2210301
2210302
2210303
2210304
2210305
2210306
2210307
2210308
2210309
2210310
2210311
2210312
2210313
2210314
2210315
2210316
2210317
2210318
2210319
2210320
2210321
2210322
2210323
2210324
2210325
2210326
2210327
2210328
2210329
2210330
2210331
2210332
2210333
2210334
2210335
2210336
2210337
2210338
2210339
2210340
2210341
2210342
2210343
2210344
2210345
2210346
2210347
2210348
2210349
2210350
2210351
2210352
2210353
2210354
2210355
2210356
2210357
2210358
2210359
2210360
2210361
2210362
2210363
2210364
2210365
2210366
2210367
2210368
2210369
2210370
2210371
2210372
2210373
2210374
2210375
2210376
2210377
2210378
2210379
2210380
2210381
2210382
2210383
2210384
2210385
2210386
2210387
2210388
2210389
2210390
2210391
2210392
2210393
2210394
2210395
2210396
2210397
2210398
2210399
2210400
2210401
2210402
2210403
2210404
2210405
2210406
2210407
2210408
2210409
2210410
2210411
2210412
2210413
2210414
2210415
2210416
2210417
2210418
2210419
2210420
2210421
2210422
2210423
2210424
2210425
2210426
2210427
2210428
2210429
2210430
2210431
2210432
2210433
2210434
2210435
2210436
2210437
2210438
2210439
2210440
2210441
2210442
2210443
2210444
2210445
2210446
2210447
2210448
2210449
2210450
2210451
2210452
2210453
2210454
2210455
2210456
2210457
2210458
2210459
2210460
2210461
2210462
2210463
2210464
2210465
2210466
2210467
2210468
2210469
2210470
2210471
2210472
2210473
2210474
2210475
2210476
2210477
2210478
2210479
2210480
2210481
2210482
2210483
2210484
2210485
2210486
2210487
2210488
2210489
2210490
2210491
2210492
2210493
2210494
2210495
2210496
2210497
2210498
2210499
2210500
2210501
2210502
2210503
2210504
2210505
2210506
2210507
2210508
2210509
2210510
2210511
2210512
2210513
2210514
2210515
2210516
2210517
2210518
2210519
2210520
2210521
2210522
2210523
2210524
2210525
2210526
2210527
2210528
2210529
2210530
2210531
2210532
2210533
2210534
2210535
2210536
2210537
2210538
2210539
2210540
2210541
2210542
2210543
2210544
2210545
2210546
2210547
2210548
2210549
2210550
2210551
2210552
2210553
2210554
2210555
2210556
2210557
2210558
2210559
2210560
2210561
2210562
2210563
2210564
2210565
2210566
2210567
2210568
2210569
2210570
2210571
2210572
2210573
2210574
2210575
2210576
2210577
2210578
2210579
2210580
2210581
2210582
2210583
2210584
2210585
2210586
2210587
2210588
2210589
2210590
2210591
2210592
2210593
2210594
2210595
2210596
2210597
2210598
2210599
2210600
2210601
2210602
2210603
2210604
2210605
2210606
2210607
2210608
2210609
2210610
2210611
2210612
2210613
2210614
2210615
2210616
2210617
2210618
2210619
2210620
2210621
2210622
2210623
2210624
2210625
2210626
2210627
2210628
2210629
2210630
2210631
2210632
2210633
2210634
2210635
2210636
2210637
2210638
2210639
2210640
2210641
2210642
2210643
2210644
2210645
2210646
2210647
2210648
2210649
2210650
2210651
2210652
2210653
2210654
2210655
2210656
2210657
2210658
2210659
2210660
2210661
2210662
2210663
2210664
2210665
2210666
2210667
2210668
2210669
2210670
2210671
2210672
2210673
2210674
2210675
2210676
2210677
2210678
2210679
2210680
2210681
2210682
2210683
2210684
2210685
2210686
2210687
2210688
2210689
2210690
2210691
2210692
2210693
2210694
2210695
2210696
2210697
2210698
2210699
2210700
2210701
2210702
2210703
2210704
2210705
2210706
2210707
2210708
2210709
2210710
2210711
2210712
2210713
2210714
2210715
2210716
2210717
2210718
2210719
2210720
2210721
2210722
2210723
2210724
2210725
2210726
2210727
2210728
2210729
2210730
2210731
2210732
2210733
2210734
2210735
2210736
2210737
2210738
2210739
2210740
2210741
2210742
2210743
2210744
2210745
2210746
2210747
2210748
2210749
2210750
2210751
2210752
2210753
2210754
2210755
2210756
2210757
2210758
2210759
2210760
2210761
2210762
2210763
2210764
2210765
2210766
2210767
2210768
2210769
2210770
2210771
2210772
2210773
2210774
2210775
2210776
2210777
2210778
2210779
2210780
2210781
2210782
2210783
2210784
2210785
2210786
2210787
2210788
2210789
2210790
2210791
2210792
2210793
2210794
2210795
2210796
2210797
2210798
2210799
2210800
2210801
2210802
2210803
2210804
2210805
2210806
2210807
2210808
2210809
2210810
2210811
2210812
2210813
2210814
2210815
2210816
2210817
2210818
2210819
2210820
2210821
2210822
2210823
2210824
2210825
2210826
2210827
2210828
2210829
2210830
2210831
2210832
2210833
2210834
2210835
2210836
2210837
2210838
2210839
2210840
2210841
2210842
2210843
2210844
2210845
2210846
2210847
2210848
2210849
2210850
2210851
2210852
2210853
2210854
2210855
2210856
2210857
2210858
2210859
2210860
2210861
2210862
2210863
2210864
2210865
2210866
2210867
2210868
2210869
2210870
2210871
2210872
2210873
2210874
2210875
2210876
2210877
2210878
2210879
2210880
2210881
2210882
2210883
2210884
2210885
2210886
2210887
2210888
2210889
2210890
2210891
2210892
2210893
2210894
2210895
2210896
2210897
2210898
2210899
2210900
2210901
2210902
2210903
2210904
2210905
2210906
2210907
2210908
2210909
2210910
2210911
2210912
2210913
2210914
2210915
2210916
2210917
2210918
2210919
2210920
2210921
2210922
2210923
2210924
2210925
2210926
2210927
2210928
2210929
2210930
2210931
2210932
2210933
2210934
2210935
2210936
2210937
2210938
2210939
2210940
2210941
2210942
2210943
2210944
2210945
2210946
2210947
2210948
2210949
2210950
2210951
2210952
2210953
2210954
2210955
2210956
2210957
2210958
2210959
2210960
2210961
2210962
2210963
2210964
2210965
2210966
2210967
2210968
2210969
2210970
2210971
2210972
2210973
2210974
2210975
2210976
2210977
2210978
2210979
2210980
2210981
2210982
2210983
2210984
2210985
2210986
2210987
2210988
2210989
2210990
2210991
2210992
2210993
2210994
2210995
2210996
2210997
2210998
2210999
2211000
2310001
2310002
2310003
2310004
2310005
2310006
2310007
2310008
2310009
2310010
2310011
2310012
2310013
2310014
2310015
2310016
2310017
2310018
2310019
2310020
2310021
2310022
2310023
2310024
2310025
2310026
2310027
2310028
2310029
2310030
2310031
2310032
2310033
2310034
2310035
2310036
2310037
2310038
2310039
2310040
2310041
2310042
2310043
2310044
2310045
2310046
2310047
2310048
2310049
2310050
2310051
2310052
2310053
2310054
2310055
2310056
2310057
2310058
2310059
2310060
2310061
2310062
2310063
2310064
2310065
2310066
2310067
2310068
2310069
2310070
2310071
2310072
2310073
2310074
2310075
2310076
2310077
2310078
2310079
2310080
2310081
2310082
2310083
2310084
2310085
2310086
2310087
2310088
2310089
2310090
2310091
2310092
2310093
2310094
2310095
2310096
2310097
2310098
2310099
2310100
2310101
2310102
2310103
2310104
2310105
2310106
2310107
2310108
2310109
2310110
2310111
2310112
2310113
2310114
2310115
2310116
2310117
2310118
2310119
2310120
2310121
2310122
2310123
2310124
2310125
2310126
2310127
2310128
2310129
2310130
2310131
2310132
2310133
2310134
2310135
2310136
2310137
2310138
2310139
2310140
2310141
2310142
2310143
2310144
2310145
2310146
2310147
2310148
2310149
2310150
2310151
2310152
2310153
2310154
2310155
2310156
2310157
2310158
2310159
2310160
2310161
2310162
2310163
2310164
2310165
2310166
2310167
2310168
2310169
2310170
2310171
2310172
2310173
2310174
2310175
2310176
2310177
2310178
2310179
2310180
2310181
2310182
2310183
2310184
2310185
2310186
2310187
2310188
2310189
2310190
2310191
2310192
2310193
2310194
2310195
2310196
2310197
2310198
2310199
2310200
2310201
2310202
2310203
2310204
2310205
2310206
2310207
2310208
2310209
2310210
2310211
2310212
2310213
2310214
2310215
2310216
2310217
2310218
2310219
2310220
2310221
2310222
2310223
2310224
2310225
2310226
2310227
2310228
2310229
2310230
2310231
2310232
2310233
2310234
2310235
2310236
2310237
2310238
2310239
2310240
2310241
2310242
2310243
2310244
2310245
2310246
2310247
2310248
2310249
2310250
2310251
2310252
2310253
2310254
2310255
2310256
2310257
2310258
2310259
2310260
2310261
2310262
2310263
2310264
2310265
2310266
2310267
2310268
2310269
2310270
2310271
2310272
2310273
2310274
2310275
2310276
2310277
2310278
2310279
2310280
2310281
2310282
2310283
2310284
2310285
2310286
2310287
2310288
2310289
2310290
2310291
2310292
2310293
2310294
2310295
2310296
2310297
2310298
2310299
2310300
2310301
2310302
2310303
2310304
2310305
2310306
2310307
2310308
2310309
2310310
2310311
2310312
2310313
2310314
2310315
2310316
2310317
2310318
2310319
2310320
2310321
2310322
2310323
2310324
2310325
2310326
2310327
2310328
2310329
2310330
2310331
2310332
2310333
2310334
2310335
2310336
2310337
2310338
2310339
2310340
2310341
2310342
2310343
2310344
2310345
2310346
2310347
2310348
2310349
2310350
2310351
2310352
2310353
2310354
2310355
2310356
2310357
2310358
2310359
2310360
2310361
2310362
2310363
2310364
2310365
2310366
2310367
2310368
2310369
2310370
2310371
2310372
2310373
2310374
2310375
2310376
2310377
2310378
2310379
2310380
2310381
2310382
2310383
2310384
2310385
2310386
2310387
2310388
2310389
2310390
2310391
2310392
2310393
2310394
2310395
2310396
2310397
2310398
2310399
2310400
2310401
2310402
2310403
2310404
2310405
2310406
2310407
2310408
2310409
2310410
2310411
2310412
2310413
2310414
2310415
2310416
2310417
2310418
2310419
2310420
2310421
2310422
2310423
2310424
2310425
2310426
2310427
2310428
2310429
2310430
2310431
2310432
2310433
2310434
2310435
2310436
2310437
2310438
2310439
2310440
2310441
2310442
2310443
2310444
2310445
2310446
2310447
2310448
2310449
2310450
2310451
2310452
2310453
2310454
2310455
2310456
2310457
2310458
2310459
2310460
2310461
2310462
2310463
2310464
2310465
2310466
2310467
2310468
2310469
2310470
2310471
2310472
2310473
2310474
2310475
2310476
2310477
2310478
2310479
2310480
2310481
2310482
2310483
2310484
2310485
2310486
2310487
2310488
2310489
2310490
2310491
2310492
2310493
2310494
2310495
2310496
2310497
2310498
2310499
2310500
2310501
2310502
2310503
2310504
2310505
2310506
2310507
2310508
2310509
2310510
2310511
2310512
2310513
2310514
2310515
2310516
2310517
2310518
2310519
2310520
2310521
2310522
2310523
2310524
2310525
2310526
2310527
2310528
2310529
2310530
2310531
2310532
2310533
2310534
2310535
2310536
2310537
2310538
2310539
2310540
2310541
2310542
2310543
2310544
2310545
2310546
2310547
2310548
2310549
2310550
2310551
2310552
2310553
2310554
2310555
2310556
2310557
2310558
2310559
2310560
2310561
2310562
2310563
2310564
2310565
2310566
2310567
2310568
2310569
2310570
2310571
2310572
2310573
2310574
2310575
2310576
2310577
2310578
2310579
2310580
2310581
2310582
2310583
2310584
2310585
2310586
2310587
2310588
2310589
2310590
2310591
2310592
2310593
2310594
2310595
2310596
2310597
2310598
2310599
2310600
2310601
2310602
2310603
2310604
2310605
2310606
2310607
2310608
2310609
2310610
2310611
2310612
2310613
2310614
2310615
2310616
2310617
2310618
2310619
2310620
2310621
2310622
2310623
2310624
2310625
2310626
2310627
2310628
2310629
2310630
2310631
2310632
2310633
2310634
2310635
2310636
2310637
2310638
2310639
2310640
2310641
2310642
2310643
2310644
2310645
2310646
2310647
2310648
2310649
2310650
2310651
2310652
2310653
2310654
2310655
2310656
2310657
2310658
2310659
2310660
2310661
2310662
2310663
2310664
2310665
2310666
2310667
2310668
2310669
2310670
2310671
2310672
2310673
2310674
2310675
2310676
2310677
2310678
2310679
2310680
2310681
2310682
2310683
2310684
2310685
2310686
2310687
2310688
2310689
2310690
2310691
2310692
2310693
2310694
2310695
2310696
2310697
2310698
2310699
2310700
2310701
2310702
2310703
2310704
2310705
2310706
2310707
2310708
2310709
2310710
2310711
2310712
2310713
2310714
2310715
2310716
2310717
2310718
2310719
2310720
2310721
2310722
2310723
2310724
2310725
2310726
2310727
2310728
2310729
2310730
2310731
2310732
2310733
2310734
2310735
2310736
2310737
2310738
2310739
2310740
2310741
2310742
2310743
2310744
2310745
2310746
2310747
2310748
2310749
2310750
2310751
2310752
2310753
2310754
2310755
2310756
2310757
2310758
2310759
2310760
2310761
2310762
2310763
2310764
2310765
2310766
2310767
2310768
2310769
2310770
2310771
2310772
2310773
2310774
2310775
2310776
2310777
2310778
2310779
2310780
2310781
2310782
2310783
2310784
2310785
2310786
2310787
2310788
2310789
2310790
2310791
2310792
2310793
2310794
2310795
2310796
2310797
2310798
2310799
2310800
2310801
2310802
2310803
2310804
2310805
2310806
2310807
2310808
2310809
2310810
2310811
2310812
2310813
2310814
2310815
2310816
2310817
2310818
2310819
2310820
2310821
2310822
2310823
2310824
2310825
2310826
2310827
2310828
2310829
2310830
2310831
2310832
2310833
2310834
2310835
2310836
2310837
2310838
2310839
2310840
2310841
2310842
2310843
2310844
2310845
2310846
2310847
2310848
2310849
2310850
2310851
2310852
2310853
2310854
2310855
2310856
2310857
2310858
2310859
2310860
2310861
2310862
2310863
2310864
2310865
2310866
2310867
2310868
2310869
2310870
2310871
2310872
2310873
2310874
2310875
2310876
2310877
2310878
2310879
2310880
2310881
2310882
2310883
2310884
2310885
2310886
2310887
2310888
2310889
2310890
2310891
2310892
2310893
2310894
2310895
2310896
2310897
2310898
2310899
2310900
2310901
2310902
2310903
2310904
2310905
2310906
2310907
2310908
2310909
2310910
2310911
2310912
2310913
2310914
2310915
2310916
2310917
2310918
2310919
2310920
2310921
2310922
2310923
2310924
2310925
2310926
2310927
2310928
2310929
2310930
2310931
2310932
2310933
2310934
2310935
2310936
2310937
2310938
2310939
2310940
2310941
2310942
2310943
2310944
2310945
2310946
2310947
2310948
2310949
2310950
2310951
2310952
2310953
2310954
2310955
2310956
2310957
2310958
2310959
2310960
2310961
2310962
2310963
2310964
2310965
2310966
2310967
2310968
2310969
2310970
2310971
2310972
2310973
2310974
2310975
2310976
2310977
2310978
2310979
2310980
2310981
2310982
2310983
2310984
2310985
2310986
2310987
2310988
2310989
2310990
2310991
2310992
2310993
2310994
2310995
2310996
2310997
2310998
2310999
2311000
2410001
2410002
2410003
2410004
2410005
2410006
2410007
2410008
2410009
2410010
2410011
2410012
2410013
2410014
2410015
2410016
2410017
2410018
2410019
2410020
2410021
2410022
2410023
2410024
2410025
2410026
2410027
2410028
2410029
2410030
2410031
2410032
2410033
2410034
2410035
2410036
2410037
2410038
2410039
2410040
2410041
2410042
2410043
2410044
2410045
2410046
2410047
2410048
2410049
2410050
2410051
2410052
2410053
2410054
2410055
2410056
2410057
2410058
2410059
2410060
2410061
2410062
2410063
2410064
2410065
2410066
2410067
2410068
2410069
2410070
2410071
2410072
2410073
2410074
2410075
2410076
2410077
2410078
2410079
2410080
2410081
2410082
2410083
2410084
2410085
2410086
2410087
2410088
2410089
2410090
2410091
2410092
2410093
2410094
2410095
2410096
2410097
2410098
2410099
2410100
2410101
2410102
2410103
2410104
2410105
2410106
2410107
2410108
2410109
2410110
2410111
2410112
2410113
2410114
2410115
2410116
2410117
2410118
2410119
2410120
2410121
2410122
2410123
2410124
2410125
2410126
2410127
2410128
2410129
2410130
2410131
2410132
2410133
2410134
2410135
2410136
2410137
2410138
2410139
2410140
2410141
2410142
2410143
2410144
2410145
2410146
2410147
2410148
2410149
2410150
2410151
2410152
2410153
2410154
2410155
2410156
2410157
2410158
2410159
2410160
2410161
2410162
2410163
2410164
2410165
2410166
2410167
2410168
2410169
2410170
2410171
2410172
2410173
2410174
2410175
2410176
2410177
2410178
2410179
2410180
2410181
2410182
2410183
2410184
2410185
2410186
2410187
2410188
2410189
2410190
2410191
2410192
2410193
2410194
2410195
2410196
2410197
2410198
2410199
2410200
2410201
2410202
2410203
2410204
2410205
2410206
2410207
2410208
2410209
2410210
2410211
2410212
2410213
2410214
2410215
2410216
2410217
2410218
2410219
2410220
2410221
2410222
2410223
2410224
2410225
2410226
2410227
2410228
2410229
2410230
2410231
2410232
2410233
2410234
2410235
2410236
2410237
2410238
2410239
2410240
2410241
2410242
2410243
2410244
2410245
2410246
2410247
2410248
2410249
2410250
2410251
2410252
2410253
2410254
2410255
2410256
2410257
2410258
2410259
2410260
2410261
2410262
2410263
2410264
2410265
2410266
2410267
2410268
2410269
2410270
2410271
2410272
2410273
2410274
2410275
2410276
2410277
2410278
2410279
2410280
2410281
2410282
2410283
2410284
2410285
2410286
2410287
2410288
2410289
2410290
2410291
2410292
2410293
2410294
2410295
2410296
2410297
2410298
2410299
2410300
2410301
2410302
2410303
2410304
2410305
2410306
2410307
2410308
2410309
2410310
2410311
2410312
2410313
2410314
2410315
2410316
2410317
2410318
2410319
2410320
2410321
2410322
2410323
2410324
2410325
2410326
2410327
2410328
2410329
2410330
2410331
2410332
2410333
2410334
2410335
2410336
2410337
2410338
2410339
2410340
2410341
2410342
2410343
2410344
2410345
2410346
2410347
2410348
2410349
2410350
2410351
2410352
2410353
2410354
2410355
2410356
2410357
2410358
2410359
2410360
2410361
2410362
2410363
2410364
2410365
2410366
2410367
2410368
2410369
2410370
2410371
2410372
2410373
2410374
2410375
2410376
2410377
2410378
2410379
2410380
2410381
2410382
2410383
2410384
2410385
2410386
2410387
2410388
2410389
2410390
2410391
2410392
2410393
2410394
2410395
2410396
2410397
2410398
2410399
2410400
2410401
2410402
2410403
2410404
2410405
2410406
2410407
2410408
2410409
2410410
2410411
2410412
2410413
2410414
2410415
2410416
2410417
2410418
2410419
2410420
2410421
2410422
2410423
2410424
2410425
2410426
2410427
2410428
2410429
2410430
2410431
2410432
2410433
2410434
2410435
2410436
2410437
2410438
2410439
2410440
2410441
2410442
2410443
2410444
2410445
2410446
2410447
2410448
2410449
2410450
2410451
2410452
2410453
2410454
2410455
2410456
2410457
2410458
2410459
2410460
2410461
2410462
2410463
2410464
2410465
2410466
2410467
2410468
2410469
2410470
2410471
2410472
2410473
2410474
2410475
2410476
2410477
2410478
2410479
2410480
2410481
2410482
2410483
2410484
2410485
2410486
2410487
2410488
2410489
2410490
2410491
2410492
2410493
2410494
2410495
2410496
2410497
2410498
2410499
2410500
2410501
2410502
2410503
2410504
2410505
2410506
2410507
2410508
2410509
2410510
2410511
2410512
2410513
2410514
2410515
2410516
2410517
2410518
2410519
2410520
2410521
2410522
2410523
2410524
2410525
2410526
2410527
2410528
2410529
2410530
2410531
2410532
2410533
2410534
2410535
2410536
2410537
2410538
2410539
2410540
2410541
2410542
2410543
2410544
2410545
2410546
2410547
2410548
2410549
2410550
2410551
2410552
2410553
2410554
2410555
2410556
2410557
2410558
2410559
2410560
2410561
2410562
2410563
2410564
2410565
2410566
2410567
2410568
2410569
2410570
2410571
2410572
2410573
2410574
2410575
2410576
2410577
2410578
2410579
2410580
2410581
2410582
2410583
2410584
2410585
2410586
2410587
2410588
2410589
2410590
2410591
2410592
2410593
2410594
2410595
2410596
2410597
2410598
2410599
2410600
2410601
2410602
2410603
2410604
2410605
2410606
2410607
2410608
2410609
2410610
2410611
2410612
2410613
2410614
2410615
2410616
2410617
2410618
2410619
2410620
2410621
2410622
2410623
2410624
2410625
2410626
2410627
2410628
2410629
2410630
2410631
2410632
2410633
2410634
2410635
2410636
2410637
2410638
2410639
2410640
2410641
2410642
2410643
2410644
2410645
2410646
2410647
2410648
2410649
2410650
2410651
2410652
2410653
2410654
2410655
2410656
2410657
2410658
2410659
2410660
2410661
2410662
2410663
2410664
2410665
2410666
2410667
2410668
2410669
2410670
2410671
2410672
2410673
2410674
2410675
2410676
2410677
2410678
2410679
2410680
2410681
2410682
2410683
2410684
2410685
2410686
2410687
2410688
2410689
2410690
2410691
2410692
2410693
2410694
2410695
2410696
2410697
2410698
2410699
2410700
2410701
2410702
2410703
2410704
2410705
2410706
2410707
2410708
2410709
2410710
2410711
2410712
2410713
2410714
2410715
2410716
2410717
2410718
2410719
2410720
2410721
2410722
2410723
2410724
2410725
2410726
2410727
2410728
2410729
2410730
2410731
2410732
2410733
2410734
2410735
2410736
2410737
2410738
2410739
2410740
2410741
2410742
2410743
2410744
2410745
2410746
2410747
2410748
2410749
2410750
2410751
2410752
2410753
2410754
2410755
2410756
2410757
2410758
2410759
2410760
2410761
2410762
2410763
2410764
2410765
2410766
2410767
2410768
2410769
2410770
2410771
2410772
2410773
2410774
2410775
2410776
2410777
2410778
2410779
2410780
2410781
2410782
2410783
2410784
2410785
2410786
2410787
2410788
2410789
2410790
2410791
2410792
2410793
2410794
2410795
2410796
2410797
2410798
2410799
2410800
2410801
2410802
2410803
2410804
2410805
2410806
2410807
2410808
2410809
2410810
2410811
2410812
2410813
2410814
2410815
2410816
2410817
2410818
2410819
2410820
2410821
2410822
2410823
2410824
2410825
2410826
2410827
2410828
2410829
2410830
2410831
2410832
2410833
2410834
2410835
2410836
2410837
2410838
2410839
2410840
2410841
2410842
2410843
2410844
2410845
2410846
2410847
2410848
2410849
2410850
2410851
2410852
2410853
2410854
2410855
2410856
2410857
2410858
2410859
2410860
2410861
2410862
2410863
2410864
2410865
2410866
2410867
2410868
2410869
2410870
2410871
2410872
2410873
2410874
2410875
2410876
2410877
2410878
2410879
2410880
2410881
2410882
2410883
2410884
2410885
2410886
2410887
2410888
2410889
2410890
2410891
2410892
2410893
2410894
2410895
2410896
2410897
2410898
2410899
2410900
2410901
2410902
2410903
2410904
2410905
2410906
2410907
2410908
2410909
2410910
2410911
2410912
2410913
2410914
2410915
2410916
2410917
2410918
2410919
2410920
2410921
2410922
2410923
2410924
2410925
2410926
2410927
2410928
2410929
2410930
2410931
2410932
2410933
2410934
2410935
2410936
2410937
2410938
2410939
2410940
2410941
2410942
2410943
2410944
2410945
2410946
2410947
2410948
2410949
2410950
2410951
2410952
2410953
2410954
2410955
2410956
2410957
2410958
2410959
2410960
2410961
2410962
2410963
2410964
2410965
2410966
2410967
2410968
2410969
2410970
2410971
2410972
2410973
2410974
2410975
2410976
2410977
2410978
2410979
2410980
2410981
2410982
2410983
2410984
2410985
2410986
2410987
2410988
2410989
2410990
2410991
2410992
2410993
2410994
2410995
2410996
2410997
2410998
2410999
2411000
